# Created by Octave 3.8.2, Sun May 31 14:59:35 2015 ART <jorge@dell-jorgeubuntu>
# name: c
# type: scalar struct
# ndims: 2
 1 1
# length: 1
# name: poblation
# type: struct
# ndims: 2
 1 40
# length: 2
# name: w1
# type: cell
# rows: 1
# columns: 40
# name: <cell-element>
# type: matrix
# rows: 1
# columns: 5
 0.4336704166829549 -0.1047335721650343 0.06240331469299254 0.1320155848165845 -0.08015417634839067



# name: <cell-element>
# type: matrix
# rows: 1
# columns: 5
 -0.2174718391045226 0.4256936255583791 0.3939015234508703 0.307426500790857 -0.3637140803828874



# name: <cell-element>
# type: matrix
# rows: 1
# columns: 5
 0.03808317721336274 0.3851744821114903 -0.1255085863731909 -0.4892907228834958 0.08937606451608637



# name: <cell-element>
# type: matrix
# rows: 1
# columns: 5
 0.2630440341084128 -0.2754463533333857 -0.4465271249465312 0.1800586120841072 0.3933231892896792



# name: <cell-element>
# type: matrix
# rows: 1
# columns: 5
 0.02089121340346445 0.2522471674418999 0.1264903560560455 0.09819001027710361 -0.09276864526078027



# name: <cell-element>
# type: matrix
# rows: 1
# columns: 5
 0.4087659465128356 0.488122677020891 0.03628115221898986 -0.3218357768310889 0.1695622071236024



# name: <cell-element>
# type: matrix
# rows: 1
# columns: 5
 0.2840967239815418 0.2676407075695769 0.3590548301187719 0.2046070243657735 0.4868299564762867



# name: <cell-element>
# type: matrix
# rows: 1
# columns: 5
 -0.3809921384675232 0.2147620125012996 0.3426640230241539 -0.245056177803419 -0.09387146457664702



# name: <cell-element>
# type: matrix
# rows: 1
# columns: 5
 0.2029307685217933 -0.01462963375342136 0.08790884236310803 -0.2473120008158797 -0.254024878375299



# name: <cell-element>
# type: matrix
# rows: 1
# columns: 5
 -0.01353942295211291 0.2571695536508927 -0.2958336459631494 0.1628224070314729 -0.09106677778993028



# name: <cell-element>
# type: matrix
# rows: 1
# columns: 5
 0.4558491133203272 -0.4712763530100655 0.4949344129230667 -0.236549014716982 0.03920475224139208



# name: <cell-element>
# type: matrix
# rows: 1
# columns: 5
 0.1503512785140479 0.1090985903526349 0.2253161174987803 -0.1600362989676643 -0.06254559376556307



# name: <cell-element>
# type: matrix
# rows: 1
# columns: 5
 0.04064023963331875 -0.06502216802125599 0.215117945648012 0.4574742356413178 -0.1394657700732493



# name: <cell-element>
# type: matrix
# rows: 1
# columns: 5
 -0.1428143292971776 -0.3222019135680252 0.1901950928128421 -0.003105287595345063 0.4261673149466442



# name: <cell-element>
# type: matrix
# rows: 1
# columns: 5
 0.06591720870390905 -0.02022023068742157 0.3097089261556872 0.1352403007617133 0.1568819976399886



# name: <cell-element>
# type: matrix
# rows: 1
# columns: 5
 0.1783882927348929 0.4523026617345274 0.0402595930931342 0.3451454735115073 0.005662513395591762



# name: <cell-element>
# type: matrix
# rows: 1
# columns: 5
 0.1582642200272071 -0.4386744328698355 -0.4430682390322048 0.2980367912161703 -0.223619824663592



# name: <cell-element>
# type: matrix
# rows: 1
# columns: 5
 0.2287346917090136 0.1415825298220326 -0.4726493977792128 0.2808021713954938 -0.4494628131845524



# name: <cell-element>
# type: matrix
# rows: 1
# columns: 5
 0.2098444674941607 0.3041216208362828 -0.07041750800878305 0.2436416928763897 -0.1298553563167885



# name: <cell-element>
# type: matrix
# rows: 1
# columns: 5
 -0.2521377354097538 0.07643979666882894 0.1843924151803137 -0.1264385486958154 0.4734050910160137



# name: <cell-element>
# type: matrix
# rows: 1
# columns: 5
 0.1092579741789405 0.1854452469778647 0.1385735494984169 -0.2978045504590732 -0.4677442792022139



# name: <cell-element>
# type: matrix
# rows: 1
# columns: 5
 0.1993523479716137 0.2071024327643723 0.2892451140252454 -0.4123055950857115 -0.09103635245213687



# name: <cell-element>
# type: matrix
# rows: 1
# columns: 5
 -0.1738670997901094 -0.004924292991297097 -0.1645686735883039 -0.392152665867895 -0.1942961389908377



# name: <cell-element>
# type: matrix
# rows: 1
# columns: 5
 -0.2383666419248677 0.4179900367139638 -0.2442860954390668 -0.02691886890814671 0.134530621785608



# name: <cell-element>
# type: matrix
# rows: 1
# columns: 5
 -0.4334497653893154 -0.4868277086021864 -0.1433833806821176 0.4031774783409123 0.004792850986195973



# name: <cell-element>
# type: matrix
# rows: 1
# columns: 5
 -0.2338076238823339 0.01171019372173454 0.3535316526695469 0.3001263465600839 0.1233432790079386



# name: <cell-element>
# type: matrix
# rows: 1
# columns: 5
 0.2301060835762978 -0.4732388932086662 0.4525281980951301 -0.371670924691372 0.09973190050611269



# name: <cell-element>
# type: matrix
# rows: 1
# columns: 5
 -0.288194260873677 -0.4863637697535945 -0.3124923433683358 -0.3301240182386994 -0.1436209545137987



# name: <cell-element>
# type: matrix
# rows: 1
# columns: 5
 -0.4709292367906474 0.1370426022556869 -0.371472136731864 -0.00700531891749484 0.04656977293809816



# name: <cell-element>
# type: matrix
# rows: 1
# columns: 5
 0.1678429924945112 -0.4638383701388681 -0.398344011707857 0.4129842214418035 -0.1350641842622674



# name: <cell-element>
# type: matrix
# rows: 1
# columns: 5
 -0.1536788838135639 -0.3298225780608601 0.0828716897250632 0.09283190780753536 0.301094073587741



# name: <cell-element>
# type: matrix
# rows: 1
# columns: 5
 -0.2312972846718149 0.1605903444186455 0.06371864456829113 0.1200766140346576 0.1835824548098881



# name: <cell-element>
# type: matrix
# rows: 1
# columns: 5
 0.1828821742125766 0.05982960276384119 -0.0521501236290744 -0.4173338702735834 -0.3674272364111893



# name: <cell-element>
# type: matrix
# rows: 1
# columns: 5
 -0.3099410017670438 0.4719129829075857 -0.4573678127915314 0.36411973488133 -0.04136105342544322



# name: <cell-element>
# type: matrix
# rows: 1
# columns: 5
 -0.2531997913029654 0.1638849843320802 -0.4636803838219292 0.1954951940127746 -0.1573626383561281



# name: <cell-element>
# type: matrix
# rows: 1
# columns: 5
 0.4333071628919116 0.3198580395264183 -0.1103523204818233 -0.2292374030786211 -0.4386918855986362



# name: <cell-element>
# type: matrix
# rows: 1
# columns: 5
 0.0487834621856349 -0.1849915816786751 -0.009206175867983057 0.3189419180753015 -0.00992022035192458



# name: <cell-element>
# type: matrix
# rows: 1
# columns: 5
 0.2756883990193389 -0.4227935112215943 0.3037217082864062 -0.4515963669953324 0.06639488772359015



# name: <cell-element>
# type: matrix
# rows: 1
# columns: 5
 0.39333181988616 0.007429555265876964 0.4283879953854983 0.4975030606036919 -0.135726200689336



# name: <cell-element>
# type: matrix
# rows: 1
# columns: 5
 0.3106212650211719 -0.3038077701801733 -0.2469468129022359 -0.2270505990666822 -0.447235184216322





# name: w2
# type: cell
# rows: 1
# columns: 40
# name: <cell-element>
# type: matrix
# rows: 6
# columns: 1
 0.3514565736009797
 0.4628290622790807
 0.3190130895526553
 0.1955708583710786
 0.4050605464449282
 -0.1884229746024126



# name: <cell-element>
# type: matrix
# rows: 6
# columns: 1
 0.3781375323985209
 0.01236058664832573
 0.1331828597131415
 0.1250571372565874
 0.3461734000660476
 -0.01068521132566241



# name: <cell-element>
# type: matrix
# rows: 6
# columns: 1
 -0.3062120453999015
 0.2766340585357212
 -0.1391890843415574
 0.4227065629290458
 0.03420791035548187
 -0.3339051637703876



# name: <cell-element>
# type: matrix
# rows: 6
# columns: 1
 -0.1846862300360679
 0.1139834643646898
 0.3275387046464221
 0.08019681621387698
 0.3735503930007407
 0.03468815813838089



# name: <cell-element>
# type: matrix
# rows: 6
# columns: 1
 0.3692831919476893
 -0.009556702919867599
 0.3731236787929149
 -0.1302047310686554
 0.3844011906040564
 0.05011810480171219



# name: <cell-element>
# type: matrix
# rows: 6
# columns: 1
 0.4572788430601794
 0.1524165900910842
 -0.1236814370701568
 -0.4905536918934286
 0.4705635851865907
 -0.2082962900328442



